aaron 4444 0 3000
mahmad 6969 10 0
muhammed 6969 0 1
jim 1111 1234 0
d 1111 1341233 0
kim 1234 124123 0
wqr 1234 123124 0
adsdf 3141 132413 0
fqe 3141 134134 0
wgaer 3144 13412353 0
damedolla 5050 1234 0
e 1421 1341313 0
gwvr 1341 134134 0
wef134 12123413 1231 0
bobcaygeon 1233 1234134 0
bobcaygeon 1312 13431 0
dam 1232 12312 0
rqerq 1344 0 1451344
fqeq 1343 12341 0
cvqe 3124 12341243 0
qef 1234 121231 0
gw 1232 3241234 0
dgasmaskl 2134 3141 0
dggasdz 2134 123413 0
13413 1233 1234 0
123 12312 124124 0
qfenmkl 1234 245890458 0
